195 
647 
932 
554 
737 
21 
94 
62 
566 
835 
14 
778 
564 
25 
581 
567 
731 
98 
576 
488 
355 
79 
683 
588 
390 
710 
457 
878 
680 
415 
680 
565 
61 
301 
118 
489 
322 
212 
551 
579 
46 
256 
356 
300 
972 
627 
867 
392 
725 
442 
880 
80 
211 
562 
358 
601 
962 
505 
168 
641 
921 
848 
205 
672 
149 
13 
160 
161 
916 
402 
740 
652 
658 
787 
952 
629 
413 
508 
21 
829 
640 
591 
599 
851 
153 
647 
451 
114 
151 
309 
446 
762 
157 
341 
434 
997 
45 
594 
157 
961 
686 
588 
303 
343 
374 
254 
663 
787 
453 
374 
305 
92 
